[[-2.38168425e+00  0.00000000e+00  0.00000000e+00  3.53857549e-05
  -3.27087120e-04 -3.57725065e-04  4.47268391e-04 -5.17927621e-03
   1.20901865e-03  1.70329906e-04  2.26643661e-04  4.43364155e-05
   7.97882713e-05  3.46378629e-04  3.82713380e-04  1.36694812e-03
   1.80527827e-03  1.50447678e-04 -2.58980308e-05 -2.50342910e-09
   0.00000000e+00 -3.66787773e-11  4.35144381e-06 -4.54845739e-04
   3.70362824e-03  4.26078085e-03  6.46571207e-04 -6.74414031e-03
   1.29016848e-03 -2.00318893e-03 -4.83096975e-03 -7.13332352e-04
  -8.36320239e-04 -3.58938955e-03 -2.23641234e-03 -1.21073391e-02
  -1.67836725e-02  1.35628067e-03  2.54548330e-03  2.43019040e-04
   9.29219295e-05 -2.55846328e-10 -8.73865431e-05  8.70066239e-05
   8.46260631e-03  1.80215429e-02  2.92540815e-02  2.73237448e-02
  -2.29760454e-02 -3.28211374e-02 -1.13721790e-02 -1.28282780e-02
  -1.42730099e-03 -1.18386105e-02 -4.90824112e-02 -8.99325200e-02
  -7.32389366e-02 -2.07755016e-02  1.18487969e-02  2.46197385e-04
  -9.13717474e-05  8.20113251e-09  2.59389494e-04  2.63612368e-03
  -4.50201127e-02 -1.66867065e-01 -2.75106697e-01 -3.92953224e-01
  -2.45562807e-01 -2.36141686e-01 -7.68434729e-03  1.04339725e-01
  -2.61010924e-02 -2.88681783e-02 -2.11309153e-01 -2.59187888e-01
  -3.40248818e-01 -3.50956642e-01 -3.50217494e-01 -2.53932913e-02
  -1.04331268e-02  4.20175629e-08  1.79907652e-03 -1.49339416e-02
  -2.36252955e-02 -9.04128506e-02 -8.99780106e-01 -7.54087947e-01
  -3.34395936e-02  4.20078713e-01  6.25331275e-01  4.38899811e-02
  -1.36353756e-01 -1.41746977e-01 -6.19186359e-01 -5.82441697e-01
   4.88168693e-01  2.60605997e-01 -2.67654029e-01 -1.20310184e-01
  -2.38305815e-02 -8.39317906e-07 -4.44625928e-03 -4.15930818e-02
   4.70465515e-01  8.38036929e-02 -3.32866486e-01 -5.70441357e-01
  -2.64750399e-01  7.73093382e-01  5.29425585e-01 -5.18186374e-01
  -3.77988609e-01 -1.96697812e-01 -9.07911014e-01 -7.94266051e-01
   1.12168146e+00  4.80619814e-01 -9.28052765e-01 -3.04848257e-01
  -1.87749610e-02 -2.95703361e-05  5.06447754e-03 -2.61579130e-01
  -1.82622994e-01 -3.20898393e-01 -7.05699903e-01 -4.69478630e-01
  -4.24867741e-01 -1.13128081e-01 -4.29241404e-01 -4.85704758e-01
  -3.86284422e-01 -2.55087635e-01 -6.06609985e-01 -7.61450408e-01
  -5.76474533e-01 -4.67883529e-02 -6.67971830e-01 -4.73689833e-01
  -9.74395920e-03 -2.28115507e-04  1.71438224e-02 -5.17181621e-01
  -1.00464600e+00 -6.48290900e-01 -7.16825115e-01 -2.86303995e-01
  -4.18577669e-01  2.92557836e-03 -1.20733231e+00 -1.27245106e+00
  -7.83039799e-01 -9.85440466e-01  2.13981455e-01  7.20547274e-01
  -2.28934904e-01 -2.61026213e-01 -3.11715700e-01 -8.82913734e-01
  -7.29713351e-03  5.19872360e-03 -6.07806128e-02 -3.88124836e-01
  -3.59315663e-01 -8.38070759e-01 -7.29280975e-01 -1.13112374e-01
  -4.83742132e-02 -4.13356838e-01 -1.19740399e+00 -6.76176916e-01
  -1.87550335e-01 -5.02710328e-01 -5.37510073e-01  2.87810205e-01
  -2.59756448e-01 -5.99400610e-01 -7.48654926e-01 -1.04484802e+00
  -1.66049129e-01  1.04876662e-02 -1.18366584e-01 -1.15981283e-01
  -2.50475682e-01 -4.81134088e-01 -3.64066251e-01 -2.37291218e-01
   5.90276143e-02  3.12973858e-01  5.25351448e-01  7.99331891e-01
   5.72854448e-01  5.18069344e-01  4.13553391e-01 -6.91691356e-03
  -8.24620550e-01 -3.19530496e-01 -3.60634372e-01 -7.54976627e-01
  -4.69695380e-02  6.87930059e-03 -6.56824609e-02  1.96253982e-01
  -3.52141290e-01 -8.38154212e-01 -1.00870627e-01  1.35555462e-02
   7.40455242e-01  1.80511405e+00  1.85913516e+00  1.26215681e+00
   1.17669822e+00  3.98680220e-01  5.74991661e-01  1.07293013e-01
  -7.93609471e-02 -1.59720249e-01 -8.05808736e-01 -5.81689343e-01
   1.68962513e-02  2.01814850e-03 -5.42534483e-02  2.26646511e-01
   7.41791990e-01 -7.07933763e-02 -5.37087857e-01 -3.01889133e-01
   8.63003753e-01  8.48125761e-01  4.28578218e-01 -1.61777889e-01
  -1.00666158e-01 -8.94477058e-01 -7.07907709e-01 -1.57054354e-02
   2.48268234e-01  4.01535614e-01 -9.00516386e-01 -5.79172669e-01
  -1.36689477e-02  6.78699772e-03 -6.56541507e-02 -6.95111261e-01
  -6.31885898e-01 -5.00201735e-01 -9.19567568e-01 -2.95122063e-01
  -2.96418653e-02  3.24489603e-02 -3.48538092e-02  1.21548150e-01
   3.18949522e-02 -6.29373831e-01 -4.99462354e-01 -4.89315161e-01
  -3.41643031e-01  8.20493295e-01  2.01395452e-01 -2.57856120e-01
  -3.60450361e-02  6.10381190e-03 -7.70755963e-02 -4.06867547e-01
   3.62018024e-01  4.15839595e-01  7.23550625e-01 -2.72551025e-01
  -5.93842827e-01 -6.67598071e-03 -7.56321225e-01 -6.99459847e-01
  -9.41064244e-01 -5.04400474e-01  3.32016133e-01  4.37058666e-01
  -4.05981421e-01  4.16795344e-01  2.37479054e-01 -1.74081746e-01
  -1.19875840e-02  1.06477596e-03 -9.27501390e-03 -1.94267052e-01
  -2.17207308e-02  1.87100532e-01 -1.30188451e-01 -6.83190434e-01
  -6.74940913e-01 -9.78590375e-01 -8.07511702e-01 -4.83919219e-01
  -6.66347883e-01 -4.49182681e-01  5.73720006e-01 -4.03762523e-01
  -3.46403924e-01  6.22128417e-01 -1.94794501e-01 -1.41731802e-01
  -8.13874937e-03 -8.07503921e-05  1.49894098e-03 -2.60121445e-02
  -9.55734883e-02 -2.00599868e-01  3.22370845e-02 -5.43242411e-01
  -6.59566618e-01 -4.46150811e-01 -3.39574494e-01 -4.10353853e-01
  -5.10175177e-01 -5.16354952e-01 -4.52214701e-01 -3.13634497e-01
   2.82769657e-02  5.59584162e-02 -3.36312058e-01 -4.63035559e-03
  -2.36328862e-03 -2.21762451e-06 -5.62532167e-03  4.05189339e-02
   3.05326195e-01 -2.60740417e-01 -4.94822098e-01 -6.10618454e-01
  -3.93368173e-01 -1.85848065e-01 -1.54944775e-01 -1.06232884e-01
  -1.54399741e-01 -3.48851595e-01 -3.68508644e-02  1.03740987e-01
   3.00029110e-02 -1.19622057e-01 -9.35152503e-02 -9.71955691e-03
  -1.81583845e-03  1.04459031e-06 -1.96068212e-03  1.48479813e-02
   1.08380509e-01 -3.35959363e-01 -5.08426851e-01 -3.52421004e-01
  -6.63353846e-02 -5.82163217e-02 -1.32469777e-01 -2.77026795e-02
  -5.36665712e-02 -1.53211122e-01  8.18000784e-02  6.20374215e-01
   7.26535079e-01  1.76251162e-01 -5.27700130e-02 -6.20849642e-03
   2.36304317e-04 -3.97924321e-08  3.30876231e-04  1.40068237e-03
  -4.55330550e-02 -1.33252289e-01 -6.31297168e-02 -9.16195203e-02
   1.51478512e-01  9.83425856e-02 -5.50124513e-02  7.35240601e-02
   4.59760553e-03 -4.64101967e-02 -1.23158314e-02  1.35074244e-01
   4.60662085e-01  1.20372340e-01 -1.27758183e-02  3.88048174e-04
   1.63655813e-05  0.00000000e+00 -2.06325762e-05  6.57371478e-04
  -3.89561720e-03 -1.46769534e-03 -2.34780904e-03  3.91399721e-03
  -1.73985905e-02 -1.42231184e-02  7.66901700e-04  1.27121051e-02
   9.28953612e-04  2.00630260e-02  9.77849314e-02 -2.61993206e-03
  -4.18345679e-02 -1.05531258e-02  1.30419975e-03 -7.06040881e-10
   0.00000000e+00]
 [-3.18517861e+00  0.00000000e+00  0.00000000e+00 -2.80471029e-05
   3.72316419e-04 -7.05385019e-04 -1.47392804e-02 -1.00959782e-02
  -1.19494010e-02 -1.41651130e-03 -1.13210100e-02 -4.11584750e-03
   3.49411565e-03  4.07542410e-03  1.19201426e-03 -6.66561559e-03
  -1.90978669e-03  4.05525390e-03 -1.47136071e-04 -2.08776469e-05
   0.00000000e+00 -1.60443522e-06 -1.27372963e-05  6.51649757e-04
  -3.69241825e-03  1.18252998e-02  1.33386360e-01 -5.78781367e-02
  -1.25308859e-01 -3.09287115e-02 -4.37689693e-02 -3.84494010e-02
  -5.39100261e-02 -4.51968604e-02 -1.43770516e-02  5.59813382e-02
   1.85509953e-02 -5.09298317e-02  3.80319262e-03  9.53821074e-04
   6.37416455e-05  3.41247487e-06  3.35632768e-04  3.12769267e-03
  -2.43514024e-02 -2.96712893e-01 -2.37369793e-01 -2.96082273e-01
  -3.68963565e-01 -2.99920510e-01  4.72396622e-02  3.98609291e-01
   5.73301051e-01 -5.77928580e-02 -8.66551135e-01 -3.06990280e-01
   1.62799949e-01 -2.91421053e-01 -4.21063698e-02  2.99475052e-02
  -2.45724936e-03  1.31851862e-04  5.76720742e-04 -5.24590070e-02
   5.02252085e-02  1.17573837e-01  2.23746994e-01  4.21732059e-01
   4.20839656e-01  1.19251203e-01 -1.14688007e+00 -2.08681222e-01
   8.81402299e-01  1.07882333e-01 -3.20260125e-02  5.10144150e-01
  -1.88074832e-01 -1.69350316e-01 -4.91544953e-01 -2.76393905e-01
   1.50702449e-02  1.82993571e-03 -5.34302829e-03 -1.33778290e-01
   3.77453860e-01 -1.61808733e-01 -3.56734541e-01  1.87191735e-01
  -3.56566122e-01 -1.47974639e+00 -1.85319032e+00 -2.90600053e-01
   3.18169247e-01  9.09115293e-01  3.81987056e-01  4.64868508e-03
   2.28728807e-01  5.09099280e-01 -5.97245009e-01 -8.00587564e-01
   1.98958503e-02 -8.60916724e-03 -1.14020227e-01  3.93493564e-02
   6.17241412e-01  2.27987670e-01  4.40498153e-01  2.75272132e-01
  -2.73889917e-01 -2.10031147e+00 -1.68685457e+00  8.95250182e-01
   6.04524776e-01 -4.03722486e-02  1.05341850e+00  1.26469879e-01
   2.59266763e-01  9.56709443e-01 -3.94027739e-02 -9.53479374e-01
  -1.55391021e-02 -6.36929239e-02 -3.65676425e-01  2.04861853e-01
   6.86183041e-01  1.33325654e-01 -1.78497777e-01  5.13063147e-01
   9.77783983e-02 -1.98841706e+00 -1.33597635e+00  2.89565060e-01
   3.88806390e-01 -3.59606798e-01  5.67413580e-01  5.29712139e-01
  -1.69126764e-02 -8.47519831e-01 -6.13865652e-01 -8.54708219e-01
  -7.25573561e-02 -4.64107837e-02 -3.29050887e-01  7.84330212e-01
   9.88372043e-02 -1.43974212e-01  3.34446081e-01  3.78295443e-01
  -2.31250490e-01 -1.59714916e+00 -5.99390722e-01 -7.64205830e-01
   5.81946195e-01 -3.80079332e-02  1.73626731e-01  3.68890286e-01
   6.85247641e-01 -6.62980816e-01 -7.57684814e-01 -8.26102444e-01
  -1.26343012e-01 -3.14849958e-02  2.33188709e-01  7.40387027e-01
  -1.24798275e-01  3.67862584e-01  5.10797702e-01 -3.62442476e-01
   2.69974539e-01 -1.07261731e+00 -6.67112945e-01  3.60077346e-01
   8.40245304e-01  6.01775940e-01  6.76875873e-01  4.99147026e-01
   5.47468275e-01 -2.24390530e-01 -6.49912899e-01 -6.05736258e-01
  -6.76326594e-02 -4.67251618e-02  3.02109646e-01  2.98721117e-01
   6.64642847e-01  1.09674264e-01 -4.60712601e-01  3.47448304e-01
  -6.01790088e-01 -1.41519092e+00 -5.02172139e-01 -2.02128592e-01
   2.67449010e-01  2.04043807e-01  7.00510279e-01  1.47511719e-01
   1.75547355e-01 -2.25958327e-01 -3.74615154e-01 -5.59470855e-01
  -4.58339498e-02  8.50720238e-02 -9.00300143e-01 -3.55502390e-01
   8.04418970e-01  3.21599714e-01 -2.99983224e-01  3.12999463e-01
  -3.94703757e-01 -5.54216360e-01 -1.27769434e+00 -2.77448021e-01
   3.71277302e-01  2.29008971e-01  4.81488344e-01  2.39483013e-01
  -9.12865367e-01 -2.41855928e-01 -1.69172687e-01 -7.46374024e-01
  -1.30260824e-02  2.72660802e-01 -5.33263946e-01 -6.75369372e-01
   2.28179087e-01  3.85176533e-01 -7.18060954e-02 -6.27666136e-01
  -4.35840990e-03  1.32231282e-01 -3.87923059e-01 -4.63463181e-01
   1.96385405e-01  4.66468577e-01  4.12737756e-02  3.32165867e-01
  -6.22367890e-01 -3.84159417e-01 -6.13560837e-01 -8.70848932e-01
  -4.39592584e-02  8.05930679e-02 -4.69828718e-01 -8.80119261e-01
   4.15277445e-01  3.28434279e-01 -8.25760797e-01  5.05781811e-01
   9.52859488e-03 -7.58546124e-01  8.40188850e-03  1.67343816e-01
  -6.47260195e-01  3.46378534e-01  3.75139214e-01 -2.52186617e-01
   3.09135890e-01  5.78433551e-01  1.59285524e-01 -3.86373905e-01
  -4.99763510e-02  4.69975491e-02 -7.23074201e-01 -8.62099021e-01
  -5.16161005e-01  4.90479275e-01 -4.25463538e-01  7.17271949e-01
  -3.17512104e-01 -8.12797201e-01 -3.12806331e-01 -5.30834349e-01
   3.15922852e-01  3.02085332e-03 -2.27092876e-01  8.28405075e-02
   4.53484661e-01 -3.63277599e-01  5.81525114e-01 -8.69742810e-02
  -8.07859675e-02  3.07900833e-02 -3.97551107e-01 -1.02281280e-02
  -5.11323424e-01 -8.71467122e-02 -2.05875930e-01  1.65188566e-01
   5.73269766e-01  2.64469291e-01  1.22416136e-01 -3.02321429e-01
   3.76831639e-01 -3.10265206e-01 -3.35754708e-01  6.75860107e-01
   6.25968524e-01 -6.98195758e-01  6.49919124e-01 -3.11965404e-01
  -3.15261168e-02  4.33473702e-03 -1.27214085e-01 -2.30552218e-01
  -6.70430667e-01 -3.94624407e-01  4.97020771e-01 -2.98714386e-01
   1.26762463e-01 -1.98407092e-01 -4.29134581e-01 -7.70855180e-01
  -1.58813002e-01  5.79507309e-01  3.80454732e-01  2.24874181e-01
   6.68103081e-01  2.50945328e-01  2.29346367e-01 -2.56221227e-01
   7.81957951e-03 -2.35177375e-03  1.67001918e-02 -9.50548621e-02
  -6.80812891e-01 -7.07952118e-01 -3.58416870e-01 -2.42748547e-01
  -2.21958688e-01 -1.04940867e+00 -2.28210117e-01 -8.97444346e-01
  -9.72922218e-01  9.69186393e-01  3.92489325e-01  9.82670518e-02
   6.82112152e-01  4.82614122e-01  2.88561633e-02 -1.40813433e-01
   8.94478446e-03 -1.10244758e-03  1.64027859e-02 -1.24059881e-02
   8.30912521e-02 -3.97822045e-01 -1.11285355e+00 -1.05988934e+00
   3.14900819e-01  4.62657047e-01  3.95580511e-01 -6.15984405e-01
  -4.34569210e-02  6.77194787e-01  3.04715455e-01  3.38361084e-01
   2.68311947e-01  2.48084939e-02 -9.27963472e-02 -2.43450397e-02
   2.12814411e-03  4.86026615e-05 -1.31233908e-03 -2.81860787e-03
   1.15221855e-01 -6.73408364e-03 -3.57312358e-01 -4.17920713e-01
  -4.60663702e-02  6.51926862e-01  3.71293875e-01  1.46114459e-01
   1.42671113e+00  9.72441337e-01  4.97238719e-01  2.54917294e-01
   4.98718814e-02  2.62014132e-02  1.03323948e-02  1.26689620e-03
  -1.48204497e-04  0.00000000e+00  5.26169582e-05  5.02633789e-04
  -9.77854046e-03 -2.66762638e-02  2.68778850e-03  2.00547768e-02
  -1.13121629e-02  2.66341444e-02  9.12791727e-02  1.71494462e-01
   3.72834104e-01  2.89043914e-01 -1.49125582e-02  4.50471368e-02
   1.16452669e-02  1.62061629e-02  4.45741822e-03 -5.08200807e-04
   0.00000000e+00]
 [-4.79801670e+00  0.00000000e+00  0.00000000e+00 -8.08672756e-06
  -2.03170617e-04  4.99441281e-03  1.73936300e-02 -3.11728716e-02
  -3.36116663e-03  3.48814317e-03 -3.90107667e-03 -9.76715707e-04
  -5.46912514e-03 -1.76334470e-02  1.90637940e-02  2.99212375e-02
  -3.54191559e-03 -5.85156653e-04 -6.45125103e-06  5.89973357e-06
   0.00000000e+00 -3.28255906e-09 -1.18965305e-06  4.20485818e-04
  -2.86866397e-03 -1.13229622e-02 -8.27440897e-02 -2.03131171e-01
  -1.43172694e-01 -7.80504024e-02 -2.33678084e-02 -1.58385531e-02
   6.88306502e-02  1.82303965e-01 -2.45479647e-01 -3.51964153e-01
   2.96774033e-02 -1.56870490e-02 -3.28915167e-02 -4.79460226e-03
   6.25371125e-04  2.95656143e-08 -2.13314088e-04 -6.86815388e-03
   7.13498952e-02  4.46654361e-01  8.88119523e-01  6.64678375e-01
   3.78099543e-01 -6.93624176e-02 -2.72031397e-02 -9.36313367e-02
  -2.41488089e-01  2.54476202e-01  6.01688991e-01  4.50932539e-01
   3.07273035e-01  3.89588332e-01  6.84234741e-01  2.99234650e-02
  -4.58460589e-03 -8.92211661e-07  2.38904920e-03 -3.54435101e-02
   3.85583453e-03  4.93892104e-01  3.27661523e-01  1.84642546e-01
  -2.37551666e-01 -7.04867607e-01 -4.43085434e-01 -4.12201164e-01
  -1.47464672e-01  7.72593164e-01  1.18996548e+00  1.21108807e+00
   1.16031768e-01  6.47250846e-01  1.17056741e+00  2.05894564e-01
  -3.01006055e-02 -5.50022107e-06 -1.78596260e-03 -4.55221057e-02
   1.54766287e-01  5.06481292e-01 -3.81566962e-04  5.28334101e-01
   7.14411698e-01 -9.71774678e-01 -8.02147222e-01 -6.21708960e-01
  -7.42383243e-01 -1.23765037e-01 -2.71988583e-01  1.07273628e+00
   9.38110442e-02  1.98146653e-01  6.66197286e-01  5.01258995e-02
  -5.67451143e-02  2.34898970e-04 -1.25523486e-02 -8.22577913e-02
   4.99140910e-01  4.93743866e-01 -1.11877944e-01 -1.59430259e-01
  -2.00627944e-01 -1.12108190e+00 -2.82183731e-01 -8.51724190e-01
  -1.37546013e+00 -2.97087193e-01 -2.23545573e-01  4.84415150e-01
  -5.99119945e-01  1.39448444e-01  1.69893252e+00  1.04256958e-01
  -1.00150028e-01  5.43913399e-04 -1.45326562e-02 -1.43074864e-01
  -2.66483991e-01 -1.39367716e-01 -1.26509006e-01 -5.57690772e-01
  -6.18643425e-01 -6.67157678e-01 -5.47784106e-01  5.54181239e-01
  -7.54970647e-01 -4.97342867e-01 -3.91833849e-01  2.66319428e-01
   1.61915616e-01  1.79570875e-01  3.54961574e-01  1.80021425e-01
  -1.21767368e-01  4.93072779e-04 -1.35421630e-02  2.99815213e-02
  -4.72766762e-02  8.57749346e-01 -7.18492375e-02 -2.57168340e-01
  -1.21162221e+00 -5.54523679e-01 -4.96070606e-01 -3.89404887e-02
  -3.04638533e-01 -1.81598003e+00 -9.20056306e-01 -6.08075093e-01
  -2.72557901e-01  3.82999233e-01 -2.04664643e-02  4.17551266e-01
  -1.06702715e-01  1.77439915e-03 -1.46924089e-02  1.77029006e-01
  -1.15975654e-01  3.79508657e-01 -1.80334433e-01 -5.22271131e-01
  -1.18941913e+00  1.94279614e-01  1.47035958e-01  3.51696200e-01
   3.72003659e-01 -1.32445080e+00 -4.74639064e-01 -5.64252810e-01
  -7.43484357e-02  2.00957150e-01  1.74978973e-01  9.74373729e-02
  -2.91621080e-01  3.01027017e-03 -5.10219093e-02  6.02016721e-01
   4.87016598e-01  3.85790440e-01  1.37769223e-01  5.31510769e-01
  -6.88506141e-01  3.07642377e-01  3.56721221e-01  1.71215839e-01
   1.46321102e-01 -1.09890919e+00 -5.53718198e-01 -1.45381960e-02
  -1.57688388e-01 -1.20103810e-01  4.31907877e-01  4.08861830e-01
  -5.09162401e-01  2.05791171e-03 -3.64934016e-02  1.59813624e-02
  -2.82783419e-01 -3.54019231e-01  6.33435925e-01 -4.56651865e-01
   1.69933100e-01  1.19180361e+00  2.79357758e-01  9.50746290e-02
  -1.57894573e-01 -1.38042854e+00 -9.64059582e-01  5.25302294e-02
   1.19415952e-01  1.57905101e-01 -6.36601826e-02 -4.03045725e-01
  -3.68410916e-01  3.01192114e-03 -6.07103432e-02  1.97824219e-01
   6.70221655e-01  3.40523218e-01 -2.04940829e-01  7.60632648e-01
   1.24404495e+00 -3.16325644e-01  6.33719032e-01  2.09307543e-01
   9.58236753e-03  5.95042454e-01  4.93827753e-01  2.20702729e-01
   3.23401347e-01  9.76308389e-02 -1.67480094e-01 -7.80071796e-01
  -2.10912201e-01  3.08286144e-03 -3.56821538e-02  7.32995432e-01
  -3.72374553e-01 -2.08597955e-01  4.31113354e-01 -4.49648641e-02
   3.29992697e-01  6.11424132e-01  9.13601870e-01 -4.90789346e-01
  -1.67958474e-01  9.47472708e-02 -1.19589397e-02 -3.19691233e-01
   5.87704430e-01  2.25318295e-01 -4.74394277e-01 -7.71555290e-01
  -8.94389191e-02  1.08853849e-03 -2.72293587e-02  6.61603597e-01
  -1.84867007e-02 -1.92694772e-01  6.00910192e-01 -2.87658606e-01
   2.49391509e-01  6.06659943e-01 -5.13505775e-01 -2.10236866e-01
   1.09968536e-01  1.27244568e+00  4.46349057e-01  2.69212835e-02
   1.01596064e-02  8.00345231e-02  3.45072472e-01  1.96937052e-01
   8.12659258e-02 -2.81849717e-03 -1.38568029e-02  2.81935023e-01
  -8.13080926e-01 -3.35062097e-01  2.44421647e-01  6.50276998e-01
   2.31903369e-01 -1.87213229e-01 -3.31477674e-01  2.28472343e-01
  -1.67944984e-01  7.10205294e-02 -1.52578430e-01  1.91745445e-01
   3.52376572e-01  2.62053516e-01 -3.22875520e-01  3.07038977e-01
   2.05735554e-01 -8.89504194e-04  1.17716948e-02 -5.36135143e-02
  -8.45966794e-01 -5.71133961e-01 -7.91428451e-01  5.69212335e-01
   2.56262966e-01 -5.97116074e-01 -8.14745396e-01 -1.80560738e-01
   1.62932415e-01  7.63424328e-01  4.73277601e-01  7.48106780e-01
   6.29055771e-01 -3.44109960e-01  6.39804248e-02  3.37834562e-01
   1.55309168e-02  4.73938044e-05  8.77825752e-03 -9.22904474e-02
  -3.50135681e-01 -2.28704167e-01 -2.70338696e-01 -2.81799481e-01
   2.19863329e-01 -2.05665241e-01 -7.89196190e-01  1.74218446e-02
   6.67500025e-01  6.91015215e-02 -8.82864678e-01 -6.84862382e-01
  -3.52250381e-01 -2.86024586e-01  1.08044477e-01  1.27036663e-01
  -1.62327072e-02  1.63214846e-06  5.90852018e-04  2.07307706e-03
  -5.50523980e-02 -6.07489409e-01 -1.14271160e+00 -1.16966870e+00
  -5.10690988e-01 -1.69645226e-01 -1.66951851e-01  5.17479974e-02
   3.65388087e-01 -2.33004494e-01 -4.64734894e-01 -3.64132247e-01
  -4.05097892e-01 -5.15732127e-02 -6.10538161e-02 -1.44566438e-02
   1.27674364e-03 -2.43597914e-08 -3.65921228e-05  1.78961293e-03
  -3.98677069e-03 -1.15861622e-01 -3.26737235e-01 -2.52583615e-01
  -1.17372650e-01 -2.91127723e-02  1.47133809e-02  9.14790507e-03
  -3.01678163e-02 -7.69583835e-02 -3.48200885e-02 -6.17502357e-02
  -2.93734081e-02  3.03053808e-03  2.17646654e-03 -3.42885387e-05
   1.82129658e-05  0.00000000e+00 -3.97269003e-06  2.81307890e-06
   3.35708538e-05  5.65084306e-03  2.61444475e-02  1.67703621e-02
   8.59243007e-03  2.99729965e-03 -1.50790965e-03  1.06857876e-02
   1.94022170e-02 -7.93705080e-04 -2.36137911e-02 -7.51811370e-05
  -4.19730944e-03  5.58063665e-04 -2.88148348e-05 -2.48173419e-07
   0.00000000e+00]
 [-2.01413001e+00  0.00000000e+00  0.00000000e+00 -4.02758605e-06
   4.35972148e-06  6.43227342e-04 -5.34143024e-05  5.59978740e-05
   2.47324767e-02  2.16278276e-02  4.31265827e-02  1.31307387e-02
  -2.27342195e-03  2.54020599e-03  1.42633590e-02  5.37372988e-03
  -1.14100641e-04  1.28331010e-04  2.06913345e-05 -3.01650962e-06
   0.00000000e+00 -1.02552611e-07  4.56826173e-05 -3.06855717e-05
  -3.91382052e-03 -1.93941733e-02 -1.41649487e-03 -5.70629865e-02
  -3.39727883e-01 -1.10337247e-01 -1.81050158e-03  5.42630180e-02
   3.09837213e-02  9.64703160e-03 -1.32914396e-01 -5.47419112e-02
   4.41363237e-03  1.42153981e-04  8.82040819e-04  3.60053949e-04
   1.18445620e-04 -8.47611265e-06 -5.79912342e-04  5.29379766e-03
   4.33886408e-02  1.03425657e-01 -1.32353293e-04 -7.41006852e-02
  -7.88213593e-01 -7.49807369e-01 -1.68377204e-01  1.44100260e-01
  -4.40567846e-01 -7.23227353e-01 -5.91773753e-01 -1.30044061e-01
  -9.29990744e-03 -2.60711889e-02 -2.22594484e-02  2.60951297e-03
  -2.04688611e-04  5.92224406e-05  1.73115349e-04 -3.47304172e-02
   5.30665299e-02  4.56154814e-01  9.64812562e-02  4.50261268e-01
  -1.68589729e-01 -4.28780359e-02  4.20304064e-01  4.19502989e-01
  -3.09909576e-01 -1.07270142e+00 -7.37116728e-01 -4.24009911e-01
  -3.37878823e-01 -1.50598110e-01 -1.02186743e-01 -3.57162173e-02
  -9.51661527e-03  6.82717036e-04  1.33657503e-03 -1.26818058e-01
  -3.90145169e-01 -1.92939018e-03 -2.46964798e-01 -9.61969783e-02
  -5.58535210e-01 -5.84995437e-01 -7.49720919e-02  1.04781687e+00
  -4.43680516e-02 -4.84739201e-01  7.99231423e-01 -1.36714575e-01
  -1.16845166e+00 -5.87046955e-01  2.03616622e-01 -4.11092384e-01
  -8.21181268e-02 -1.91861510e-04 -1.64241610e-03 -4.85577401e-02
  -3.83123615e-01 -1.17373419e-01 -2.71049024e-01  2.40583219e-01
  -2.37690394e-01  9.39915513e-02  5.57876783e-01  7.83328710e-01
   4.98025665e-01  8.66905462e-01 -8.92630319e-01 -8.23366276e-01
  -1.08283847e+00 -1.97346846e-01 -3.78166750e-01 -8.86435056e-01
  -2.01065646e-01  8.45428234e-04 -2.27651029e-03 -1.77668713e-01
  -1.80678370e-01  2.76153084e-01  4.72341111e-02 -7.10015885e-01
  -4.46322865e-01  4.59913920e-01  7.30185333e-01  2.51876157e-01
   6.42859097e-01  1.07652645e+00 -5.88909302e-01 -6.60131111e-01
  -7.19107708e-01  1.09052694e-01  1.59127110e-01 -5.23877566e-01
  -1.16687657e-01  2.50452423e-04 -3.69052488e-01 -9.49020239e-01
   2.09832630e-02 -4.41845252e-03 -2.21058342e-01 -1.16614375e-01
  -1.35358767e-01  2.19665036e-01  1.20277921e+00 -2.79943517e-02
   2.13656050e-01 -6.00183145e-01 -7.00097557e-01 -8.67972138e-01
  -4.66878475e-01 -3.71822089e-01 -4.30940924e-01 -1.14395398e+00
  -7.94510752e-02 -2.95082085e-02 -4.64705007e-01 -8.37380020e-01
  -2.56840839e-01 -4.01913868e-01 -6.72231347e-01 -5.83718122e-01
  -1.00139619e-01  5.38747409e-01  1.39202134e+00  1.33817256e+00
   7.38366529e-01 -2.05871932e-01 -3.51090582e-01 -6.03690215e-01
  -1.03946596e+00 -2.88318444e-01 -3.58534529e-01 -1.30282325e+00
  -6.04915799e-02 -5.42099662e-02 -5.04511029e-01 -1.52095720e+00
  -8.39285520e-01 -5.71408632e-01 -1.15941886e+00 -5.51666984e-01
  -5.23786984e-01 -5.31395534e-03 -2.22356113e-01 -2.08123278e-02
  -1.00459621e-02  7.82095508e-01  1.16069224e+00 -7.25435380e-01
  -5.59172938e-01 -1.95293473e-01 -4.27213093e-01 -1.40141830e+00
  -2.13177157e-01 -4.60757972e-02 -7.71248661e-01 -1.71693564e+00
  -3.07908058e-01 -6.53000348e-01 -1.37268909e+00 -1.17969505e+00
  -1.71442151e+00 -7.11938301e-01 -4.84720219e-01 -4.44404419e-01
   3.65645243e-01  2.56088292e-01  5.14770045e-01  5.68964302e-02
  -3.80470656e-01 -2.20402743e-01 -1.78962543e-02 -6.70506073e-01
  -5.25395577e-01 -1.43941243e-01 -5.51464853e-01 -1.17040124e+00
   1.62807063e-01 -2.18403199e-01 -1.52629557e+00  2.15318720e-01
  -5.93004504e-02  7.86995986e-01  1.46061745e-02  4.57174796e-01
   1.25835364e+00  7.05624850e-01  4.85877370e-01  3.98455537e-01
  -7.78022967e-01 -6.15081803e-02 -6.07501192e-01 -8.16885754e-01
  -2.78291998e-01 -3.70515030e-02 -6.97047462e-01 -1.71631219e+00
   1.28504824e-01 -2.41456697e-01 -7.37215729e-01 -4.36665335e-01
  -9.91980428e-02  6.19498865e-02  8.48039064e-01  1.87411143e-01
   1.83983776e-01  3.92662501e-01 -7.88621903e-01 -1.08038579e-01
   2.39672558e-01  8.85187644e-01 -3.63631104e-01 -1.50083391e+00
  -2.20536663e-01 -4.00678570e-03 -3.38203553e-01 -8.54668598e-01
  -6.26690500e-01 -5.64770801e-01  2.05858574e-01 -4.08228159e-01
  -1.50534660e-01 -1.71417190e-01  4.43790362e-01  6.36200037e-01
   5.97063186e-01  2.71200395e-02 -3.57106520e-01 -6.78721090e-01
   4.67204324e-02  4.59647292e-01 -6.32717537e-01 -7.75211883e-01
  -6.41801184e-02  1.54038885e-02 -2.11236204e-01 -2.52181348e-01
   5.99617425e-01  4.53310229e-01 -2.32913258e-01 -3.06213628e-01
  -2.39577388e-01 -7.14323015e-01  4.80913125e-01  8.49878929e-03
   1.54383589e-01  8.07374325e-02  2.25413647e-01 -2.24470163e-01
   1.98934088e-01  4.90320763e-02 -6.76979326e-01 -4.65977005e-01
  -6.60277511e-02  1.56198540e-02 -2.12299102e-01 -2.71824842e-02
   5.24899936e-01  3.43821965e-01  7.25783064e-01 -3.25309574e-01
   1.88903000e-01  1.35773481e-01  6.24852492e-02  7.74534818e-02
  -3.17968902e-01 -8.96272358e-01 -9.03245792e-01 -1.00992330e-01
   4.47508990e-01  3.29813528e-01 -5.83220821e-01 -7.23092365e-01
  -2.73064852e-01  3.17381656e-03 -4.38280288e-02  1.95371681e-02
   2.17562493e-01  8.79125288e-01  1.92481612e-01 -7.06300722e-01
   9.23577112e-02 -4.60760681e-01 -5.77644251e-01  2.39144032e-02
   3.99736080e-01  3.12914427e-01 -1.05955430e+00 -4.27250646e-01
   3.55848344e-01  3.49773175e-01 -6.85769128e-02  2.11676706e-02
  -9.77820137e-02 -4.06773456e-04  7.05534504e-03 -7.96334153e-03
  -1.43995846e-01 -1.94670973e-01 -1.45568966e-02 -8.23557006e-01
  -3.62639619e-01 -2.96223384e-01 -3.34392347e-01 -9.62114843e-01
  -6.15434673e-01 -2.49650882e-02 -5.75818456e-01 -3.52108502e-01
  -1.43161815e-01  1.57418021e-01  1.42438841e-01  1.14477721e-01
  -3.93070375e-03 -4.24205849e-07  4.14328836e-04 -1.07524817e-03
  -3.31253857e-02 -1.06546981e-01  3.78558121e-01  2.35534922e-01
   5.21095374e-02 -3.64352516e-01 -4.44461561e-01 -2.93635722e-01
  -7.19314419e-01 -5.59224713e-01 -7.85632749e-02 -1.02649133e-02
   2.82945875e-02  1.35616913e-02 -6.37996920e-03 -5.48185991e-03
   9.23668588e-04  0.00000000e+00 -4.02717054e-05  1.06136964e-03
   1.27164536e-03 -1.15423297e-01 -1.10776294e-01 -1.25182769e-01
  -1.63831472e-02 -4.78394439e-02 -6.65752102e-02 -3.69514334e-02
  -1.02274357e-01 -1.35462445e-01 -8.42651746e-03  3.25940753e-03
  -2.74525028e-03 -2.01332505e-03  1.73684949e-04  3.76729064e-06
   0.00000000e+00]
 [ 1.75804906e-01  0.00000000e+00  0.00000000e+00 -2.81062682e-07
   7.22963527e-05 -8.59246424e-04 -7.39807502e-03 -1.46049170e-03
  -9.14091769e-03 -5.38817206e-03 -4.20660837e-04  9.57551239e-05
   1.39375514e-03  6.83711503e-03 -2.82648157e-02 -4.50327371e-02
   6.74264973e-04  6.39004286e-04 -2.19099063e-06 -3.81006788e-06
   0.00000000e+00 -1.71430933e-07 -8.96279048e-06 -4.45253898e-04
   4.91388926e-03  1.27184856e-02  1.27067279e-02  2.64068483e-03
  -4.13203840e-02 -2.54582446e-02 -1.72901619e-02  3.31924148e-03
  -1.21283288e-02 -7.35383263e-02  3.12406239e-01  5.02341630e-01
  -5.76128078e-03 -8.62217530e-03 -3.83388451e-03  1.62989165e-04
   4.79318506e-07  1.53664866e-06  3.56769616e-06  6.95581358e-03
  -5.55101857e-02 -2.32788866e-01 -4.43260964e-01 -5.75794223e-01
  -1.74058993e-01 -7.12627760e-02  2.19411066e-02  2.74316462e-03
  -7.19933263e-02 -2.07978287e-01  4.82435265e-01  7.94470776e-01
  -3.68852556e-01 -1.53629089e-01  1.33884631e-02  2.74770412e-04
   1.55449530e-04  5.33408941e-06  7.95458165e-04  2.32625043e-02
  -2.89997507e-01 -6.92597193e-01 -9.01173753e-01 -5.94438527e-01
  -2.44729939e-01 -1.14964291e-01 -3.42093194e-01 -4.53833287e-01
  -1.06934791e-01  3.00983225e-02 -9.56016345e-02 -1.80072042e-01
   4.22054738e-02 -4.97333933e-02  3.08031221e-01 -4.00431556e-03
  -2.12361247e-03 -1.69864792e-05  4.08905520e-03  3.11020858e-02
  -7.04365644e-01 -1.33598874e+00 -6.54213596e-01  7.12955483e-02
   3.57200903e-02  3.93154942e-01  2.40440094e-01 -5.18091161e-01
  -9.69119786e-01  5.22430042e-01  6.98189274e-01 -6.74380222e-01
   1.47819100e-01  5.41088074e-02  3.59474452e-02 -2.78420123e-03
   1.02664572e-02 -8.37787168e-05  8.14766987e-03 -3.83581859e-02
  -6.49870247e-01 -6.55921865e-01 -7.29547950e-01 -6.29842192e-01
   2.02486124e-01  7.23066085e-01  7.54199229e-01 -5.67796806e-01
  -1.97536183e+00  1.44082786e-01  9.22320933e-01  6.21352700e-01
   3.14336492e-01  3.09283013e-01 -6.38119774e-01 -3.78557048e-01
  -6.29285796e-04  3.03182173e-03 -2.74024196e-02 -2.06765113e-01
  -3.78072393e-01  5.31684024e-01  5.03544634e-01  6.92437315e-01
   4.19822515e-01  9.20643206e-02  1.39101309e-01  2.21895843e-01
   1.91583617e-03 -1.84777724e+00 -8.54203505e-01  1.01057313e+00
   1.11197330e-01 -5.95569706e-02  1.67561414e-01 -3.35298138e-01
  -9.72172429e-02  3.43383005e-03 -4.41871577e-02 -4.00244723e-01
  -7.78644264e-01 -2.30271424e-01 -6.91011315e-02 -5.47421210e-01
   9.06219598e-01  4.65810432e-01  1.23358848e-01  6.10974206e-01
   8.05255844e-01 -1.07600591e+00 -6.09294596e-01  7.25091509e-01
  -6.48819767e-02  6.96231374e-03  2.33184443e-01 -3.84743227e-01
  -1.00376411e-01  3.08137946e-03 -9.37794879e-02 -1.48501500e-02
  -2.55747281e-01  3.03377204e-01  5.10793616e-01  9.19206710e-01
   6.20361943e-01  6.28116534e-01  8.61664902e-01  1.88732960e-01
  -1.08887831e-01 -8.51190121e-01 -2.37371034e-01 -3.45007524e-02
   5.88337053e-01  6.03990353e-01  1.66089145e-01 -3.42567071e-01
  -1.02634364e-01  1.55155316e-02 -2.41136920e-01  3.03638969e-02
  -5.58387076e-01 -3.86289683e-01  1.16592682e-01 -8.82861226e-01
   7.09193181e-01  2.63374113e-01  7.32615529e-01 -7.92252657e-02
  -2.00246466e-01 -1.31973495e+00 -1.60764348e-02 -1.37428931e-02
   8.37139923e-03 -2.22063096e-01 -1.48299620e-01  9.02276278e-02
  -1.70855389e-01  2.76953243e-02 -4.25643651e-01 -5.79307845e-01
  -3.00743636e-01 -1.56109370e-02 -6.22067017e-02 -4.64080021e-01
   2.61206463e-01 -6.16569437e-01 -1.30657289e-01 -6.36029536e-01
   1.63101317e-02 -8.64625226e-01  5.52510957e-01 -7.88366963e-01
   6.60527239e-02  3.68384650e-01  4.26628313e-01 -2.66125939e-01
  -1.79839299e-01  2.45404304e-02 -3.51444196e-01 -8.18915830e-01
  -6.14287708e-01 -1.95670307e-01 -4.90159481e-01 -5.88753415e-01
  -8.84333614e-01  1.88084227e-01 -1.22425448e+00 -1.76843542e-01
  -1.17052826e+00  3.27159805e-01 -2.54345945e-01 -7.33321916e-01
  -6.37398878e-03 -1.14368896e-01 -8.35979989e-02 -2.64550773e-01
  -9.99157524e-02  2.66280361e-02 -2.97619603e-01 -1.11497787e+00
   4.73385286e-01 -2.68484462e-01 -4.15995587e-01  1.80187319e-01
  -1.60966773e+00 -4.10066859e-01 -5.76978916e-01 -2.26092693e-01
  -7.11651357e-01  5.95050957e-01 -1.46814149e-01  4.05111860e-01
  -3.50363899e-01 -1.23475272e-01 -2.50834715e-01 -1.85593328e-01
  -1.23567135e-01  1.50807376e-02 -1.68355669e-01 -8.27907642e-01
  -1.81253787e-01  1.50209058e-01 -3.97653011e-01  1.72750379e-01
  -1.04440093e+00 -1.13805745e+00 -2.19828878e-01 -7.10295741e-02
   1.54978829e-03 -6.67144188e-01  4.66122414e-01 -4.18406705e-01
   2.55688526e-02 -2.24429098e-02 -3.29066677e-01 -4.87308244e-01
  -1.93114336e-01  1.54605357e-02 -2.21557543e-01 -1.84034583e-01
   1.15466752e-01  1.94598639e-01  7.41040749e-01  4.29842374e-02
  -1.55688146e+00 -1.98640998e+00  5.00477688e-01 -3.87437234e-01
   2.96640909e-01 -2.25290524e-01  1.44999022e-01  2.73747505e-01
   3.53436704e-01 -1.09628958e-01 -3.05326720e-02 -5.94010384e-01
  -1.40225611e-01  2.05567640e-02 -2.49900554e-01 -1.92792700e-01
   6.00768085e-01  2.24298104e-01  2.95623536e-01  8.02918224e-01
  -8.31360993e-01 -2.52085150e+00 -9.73466994e-02 -3.35288682e-01
  -1.34951915e-01  3.54831159e-01  1.64457826e-01 -2.48091010e-01
   2.30773934e-01  3.23276509e-01 -3.32828529e-01 -7.19822480e-01
  -5.05759909e-01  3.85539531e-03 -3.74562260e-02 -8.56962718e-02
   1.94141140e-01  2.95694326e-01  5.11004981e-01  3.61909909e-01
  -6.47535650e-01 -3.13282932e+00 -2.56753135e+00 -8.27127285e-01
  -5.18444767e-01 -1.26037545e-01  1.51140083e-01  8.51302375e-01
   1.08314865e+00  4.64714173e-01 -6.16352930e-02 -8.66521328e-02
  -1.21191114e-01 -4.94357909e-04  5.52220883e-04  1.40642873e-01
   2.86184084e-01  6.50134542e-01  1.44982312e+00  2.46855561e+00
   1.15688051e+00 -1.12860589e+00 -1.50235258e+00  9.10367721e-02
   7.67415997e-01  6.75831355e-01  4.41123914e-01  4.72241019e-01
   3.53449771e-01  2.59428677e-02 -4.13894681e-02 -1.15704228e-03
   1.62223017e-02 -9.20428155e-07 -5.90533422e-03  1.01126915e-02
   5.38500252e-01  8.36843754e-01  5.80262150e-01  1.72902755e+00
   2.46264907e+00  8.64144940e-01 -3.37516527e-02 -2.34329992e-01
  -2.38350298e-01 -1.30455942e-01 -1.21530809e-02 -3.42528860e-01
  -2.31670922e-01 -3.53205793e-02  6.55957010e-03  7.78597192e-04
  -4.55210542e-05  0.00000000e+00  5.03022031e-04 -6.58438408e-03
   3.43992386e-03  3.26344646e-02 -1.99394141e-01 -3.89123575e-03
   1.74620571e-01  9.38721903e-02 -6.24917953e-03 -1.44474456e-02
  -9.29760240e-02 -1.17515742e-01 -2.06416362e-02 -5.65647922e-02
  -7.40661206e-03  3.94880949e-03 -3.30043360e-04 -1.02790354e-06
   0.00000000e+00]
 [-3.14570780e+00  0.00000000e+00  0.00000000e+00 -5.37132372e-07
   1.02827796e-05 -9.12615341e-05  5.57209484e-05 -7.47781468e-04
  -3.19888240e-04  8.72348643e-05 -2.16765180e-04 -8.74538398e-05
   3.56137150e-05  3.51959416e-05  1.45516500e-04  1.62747939e-04
   2.28161933e-05 -1.89987106e-06 -3.78681864e-09 -2.20927560e-10
   0.00000000e+00  8.42972618e-08 -1.46761498e-06 -8.42159140e-06
  -1.25024318e-04  4.38553098e-03  6.35557910e-03  2.38725915e-03
   3.43855931e-03  7.03493443e-03  5.50616413e-03  7.33467645e-03
   3.28581936e-03  9.39003686e-03  5.30225192e-03  1.92028434e-03
   8.60551021e-04  2.91466927e-04  3.44287892e-06  9.15080350e-06
   5.94634644e-06  1.64263856e-06  2.60355456e-05 -9.83713114e-04
   5.26742112e-03 -3.55876618e-02 -1.98919235e-01 -1.17819109e-01
  -1.58472960e-01 -2.74383964e-01 -2.46715874e-01 -1.54488952e-01
  -6.89889619e-02 -8.44762789e-02 -5.91958938e-02 -3.22990720e-02
   7.80578133e-03  1.88407374e-03 -7.40028709e-05 -1.08701576e-04
  -7.78101823e-05 -4.18483378e-05 -2.42810889e-04  1.30489046e-02
  -2.68465528e-02 -3.29202618e-01 -2.59724266e-01 -1.11697064e-01
  -2.72093443e-01 -1.04288002e-01  4.36612018e-01  2.84569931e-01
   6.79967745e-02 -3.54503009e-01 -2.57399429e-01 -1.71667882e-01
  -1.98155566e-01 -3.20183739e-02  8.34637700e-03 -3.75179882e-04
  -2.54900024e-04 -1.66511280e-03 -7.25304498e-03 -4.61542369e-02
  -4.85507201e-02 -1.51636376e-01 -9.45642561e-02 -1.61010324e-01
  -1.65636082e-02  5.77322881e-01  3.63811134e-01  4.71204228e-01
   2.61518641e-01 -3.16520323e-01 -8.10072440e-01 -5.17020435e-01
  -7.11921563e-01 -3.99750836e-01 -1.42205241e-01  8.91733534e-04
   2.61546570e-04  1.40768966e-02  5.54158907e-02  1.22868881e-01
  -1.03379010e-01 -5.87619365e-01 -1.21119055e+00 -6.21017550e-01
  -6.42105336e-02 -3.27513752e-01  4.92585137e-02  6.65343624e-01
  -9.47162158e-01  3.07624813e-01 -4.35112845e-01 -1.09920694e+00
   3.18365671e-01 -4.20310293e-01 -3.80774468e-01  8.28296862e-03
   4.54234618e-05  7.42174068e-02  5.53050958e-01  4.76125221e-01
  -2.27605932e-01 -2.91532511e-01 -5.51420670e-01 -1.92429426e-01
   4.25155755e-01  6.94819547e-01  3.96578110e-01  4.95456590e-01
   3.95658468e-01  1.11483591e+00  7.96612854e-01  5.61582719e-02
   7.76757227e-01 -1.96381091e-01 -5.41780996e-01  4.87879401e-04
  -1.40799900e-04  6.34301164e-02  4.29781053e-01  1.95713247e-01
  -4.22060736e-02 -1.80923593e-01 -4.34536567e-01 -6.91609440e-01
  -5.77700336e-02 -8.78717262e-02  2.20963719e-01  4.80047471e-01
   1.26356050e-01  4.84950935e-01  9.71487354e-01  4.15022768e-01
   3.94760992e-01 -2.89980648e-01 -8.51530280e-01  1.73670221e-02
   6.48918966e-04  1.63376626e-02  3.92460424e-02 -3.18700129e-01
  -9.37959012e-01 -2.09895828e-01 -2.77272176e-01 -4.44820453e-01
  -5.73434901e-01  7.07684944e-02  4.66814204e-01  3.65552663e-01
   3.93211850e-01  1.16766822e+00  9.74244611e-01  7.16139068e-01
   4.31490725e-01 -7.37501514e-01 -8.95099121e-01  2.15226409e-02
   2.69299568e-04  1.02976539e-02  1.84314655e-01  1.06566485e-01
  -1.07449741e+00 -1.92655615e-01 -8.56595442e-01 -1.37278076e-01
  -4.41862961e-02  6.55101849e-01 -9.39851908e-02 -1.51659795e-01
  -6.31651964e-01  9.70589639e-02  5.41523467e-01  6.56929992e-01
   9.36404198e-01 -2.13864515e-01 -1.14314652e+00 -9.10865977e-02
   5.33864083e-03  9.91437585e-03  3.95696572e-01  6.22193341e-01
  -6.27071560e-01 -2.45915694e-01 -1.35303152e-01 -4.53400479e-01
  -6.27152572e-01 -2.91810200e-01 -2.10557856e-01  1.14420217e+00
   7.30927803e-02 -7.74276121e-02  3.47738549e-01  4.61661497e-01
   3.47170128e-01 -1.67794418e-01 -1.35686804e+00 -2.21866570e-01
  -3.18196830e-03 -1.93782591e-02  1.04563471e-01  4.87668875e-01
  -4.93956810e-01 -5.26255275e-01 -4.60391985e-01 -5.20378035e-01
  -1.36857319e+00 -5.28503516e-01 -1.44816821e-01  9.90845249e-03
  -5.77282638e-02 -7.53951975e-01  4.03749845e-01  5.22612223e-01
   7.56933129e-01 -7.48411857e-02 -7.90460722e-01 -9.80618200e-02
   4.87800150e-04 -3.15682017e-02  2.40883801e-01  4.91500827e-01
  -6.19565745e-01 -1.07487336e-01 -3.22391199e-01 -1.54736825e+00
  -1.16597580e+00  2.18954126e-03 -4.28702092e-02 -8.12484408e-03
   7.54655774e-02 -1.01035263e-01  6.47449884e-01 -5.56233598e-02
   3.96800879e-01 -6.56361492e-01 -5.47702919e-01 -6.35246272e-02
   1.81269617e-03 -4.02225429e-02  5.93245198e-01  9.66872971e-01
  -1.48061366e-01  3.41903199e-01 -1.51073245e+00 -1.74861485e+00
  -3.79398410e-01 -4.03786822e-01 -4.07259086e-01 -4.04599789e-01
  -1.31227275e-01 -5.04360173e-02  2.19216781e-01  1.01314358e-01
   9.89165123e-01 -1.82329974e-01 -4.48815938e-01 -8.47271062e-02
   3.60921489e-03  1.53451760e-02  3.63226306e-01  7.56409215e-01
   8.64349565e-01 -5.83649341e-01 -1.80016636e+00 -4.36902784e-01
  -2.00952993e-01 -8.03911337e-01  3.28273169e-01  6.64278232e-01
  -5.97400499e-01  6.90427759e-01 -1.49342840e-01  7.10640202e-02
   3.87974212e-02 -3.47737858e-01 -2.78807634e-01 -5.76848593e-02
  -1.39228932e-03 -1.03050899e-04  1.90432104e-01 -4.35789536e-01
   1.90794884e-01 -5.19680492e-01 -7.18596281e-01 -1.02230370e+00
  -1.19707825e+00  3.12593465e-01  8.98220323e-02  9.79072620e-01
   2.32483087e-01 -3.86329541e-01 -5.31776581e-01  1.69085127e-01
  -8.73962842e-01 -4.50653996e-01 -7.01915097e-02 -2.62393660e-02
  -2.90681257e-02 -3.81269114e-03  5.18448033e-02 -7.92791924e-01
  -1.82272407e-01  1.70432240e-01 -5.46573413e-01 -7.06111431e-01
  -7.58240631e-01  2.76535611e-01  1.71470148e-01  6.32446708e-01
   6.35042863e-01  3.13706301e-01  5.83746485e-02 -4.66453022e-02
  -7.02047588e-01 -3.14233024e-01 -3.33087073e-02  1.29464787e-03
  -6.90607266e-03  4.47130967e-04  1.11149283e-02 -6.64271013e-01
  -5.96904910e-01  9.08775213e-02 -6.62121025e-01 -1.36439214e+00
  -4.46799295e-01  6.04894032e-01  8.41183197e-01  4.74391560e-01
  -3.49527663e-01 -7.68001914e-01 -3.47890603e-01 -5.17155957e-01
  -4.38877075e-01 -1.61771474e-01  4.15583751e-03  3.04184615e-04
   9.65643159e-04 -2.63211495e-06  6.12248011e-04 -9.56414302e-04
   5.43218064e-02  3.95943146e-01 -1.26455280e-01 -3.81705494e-01
  -1.05894477e-01 -4.88437725e-01 -8.99242330e-02  6.19232799e-01
   3.91464079e-03 -2.40793910e-01 -1.40649646e-01 -1.46968434e-01
  -3.56694610e-02 -8.42276058e-05  9.29022363e-04  4.09817129e-05
  -5.02249854e-06  0.00000000e+00 -7.06773153e-05 -1.59615559e-03
  -4.77367815e-04  4.36641664e-01  2.69334914e-01 -9.63402012e-02
   1.08955070e-02 -1.32368390e-02 -7.31552253e-02 -1.00846160e-01
  -1.17417028e-01 -6.69033187e-02 -1.19508931e-02 -2.17274811e-02
  -6.84620584e-03  7.49112234e-05 -1.41108152e-04  1.47067395e-05
   0.00000000e+00]
 [-1.90594252e+00  0.00000000e+00  0.00000000e+00 -1.59344381e-05
   1.18512508e-04  4.07273454e-04  1.48422016e-03  2.47329946e-02
   1.49302801e-03 -1.21632469e-03 -3.50994740e-03 -1.22688564e-03
   2.96047455e-04  6.36732345e-04 -2.08930106e-03 -8.69709366e-04
   1.13600117e-04  1.51680496e-06  1.67582108e-07 -2.97216005e-08
   0.00000000e+00 -7.80876746e-11 -1.42629406e-07  1.73606919e-04
  -1.10916676e-03 -6.85242476e-03 -6.45188155e-02  5.70441110e-02
   1.08229426e-01  5.63133308e-02  3.10461428e-02  3.67843989e-03
  -1.83610901e-02 -3.13962035e-02  2.06002157e-02  1.87395778e-02
   4.84971973e-03  7.65861754e-03  5.39212300e-03 -3.08095818e-04
   2.70441461e-04  7.00764338e-10 -7.64015835e-07 -2.35323824e-04
   1.91020273e-03 -3.21916989e-03  1.65278133e-01  1.33798844e-01
   1.09673216e+00  1.58286573e+00  1.04405558e+00  4.83370392e-01
   5.14600055e-01  2.02388172e-01 -9.30983597e-02 -1.42122975e-01
  -1.59552211e-01 -1.29470511e-01 -1.14471756e-01 -1.57727893e-02
  -1.90737805e-03  2.86308739e-09 -3.48321291e-06  4.15329889e-03
  -2.83958106e-02 -2.12183958e-01  1.79020811e-01  1.83208760e-02
   8.16268651e-01  5.92677263e-01  6.02421887e-01  1.65275315e-01
   4.12438751e-01  9.63684834e-01  8.05104984e-02 -6.52228977e-01
  -4.00307685e-01 -2.90808527e-01 -5.15295755e-02  1.62824775e-01
  -1.01420711e-02 -1.03103196e-06  4.73958435e-04  2.13001580e-02
  -2.64383469e-01 -2.05669774e-01  9.52440536e-01  5.78963977e-01
  -2.09665578e-01 -9.05391847e-01 -4.68086438e-01  1.35426284e-01
   1.89272570e-01  3.15821446e-01 -9.31061966e-01 -1.23339252e+00
  -8.82812212e-01 -3.20897492e-01  3.75147398e-01  2.39673208e-01
  -1.61817914e-01 -1.95331292e-05  1.62896511e-03 -6.30895983e-03
  -2.19581204e-01  1.80924471e-01  5.91522151e-01  7.18243674e-01
   2.59437896e-01  4.30506308e-01 -9.64191181e-01 -3.83908188e-01
  -2.20411845e-01  1.64504994e-01 -1.39808177e+00 -1.19605764e+00
  -6.04737770e-01 -5.30500192e-02  8.13177592e-01  6.90344933e-01
  -6.17258984e-02  3.30877755e-04 -8.40028533e-04 -4.43869743e-02
  -5.25250678e-02  1.26970573e-01 -2.58028934e-01  6.93042120e-01
   1.40246217e-01  1.13307011e-01 -9.05318527e-01  1.93560424e-01
  -2.58831051e-01 -2.24194982e-01 -1.29384105e+00 -2.55268307e-01
   4.63527359e-01 -4.47848429e-01  2.66585652e-01  5.58417549e-01
  -7.00370288e-02  1.84032112e-04  3.53018160e-03 -1.04012817e-01
  -3.70347446e-02  1.57112703e-01  6.64309126e-02  3.66602163e-01
  -2.80641572e-01 -4.54088075e-01 -4.05840380e-01 -4.26114573e-01
  -7.60450733e-01 -6.49134712e-01 -7.06554349e-01 -5.90789429e-02
  -3.60715170e-01 -7.53546626e-01 -7.72600075e-03  6.14518364e-01
  -6.54582648e-02  1.36581043e-03 -9.41219056e-03 -1.73041535e-01
  -2.21251915e-01 -1.17450071e-01  2.62120239e-01  5.29654003e-01
   3.53402341e-01 -2.56120669e-01 -1.25468855e+00 -9.48238602e-01
  -8.15633745e-01  8.70992756e-02 -1.28960749e-01  1.81456018e-01
   2.26027689e-01 -3.04122977e-01  3.70514267e-01  4.84912107e-01
  -1.83872835e-01  3.47306362e-03 -3.03366935e-02 -2.57633411e-01
  -4.94192401e-01 -2.10162547e-01  3.69016139e-01 -1.59877545e-01
   7.34482848e-01  2.90193255e-01 -1.69770187e+00 -9.03862868e-01
  -8.32933780e-01 -1.91954924e-01 -1.14880886e-01 -9.22981502e-02
   1.83712340e-01 -1.67708619e-01 -5.70743097e-01  1.16192910e-01
  -4.30478857e-02 -3.22560078e-05 -1.50101611e-03 -3.15761145e-01
  -2.97393859e-01 -1.88565114e-01 -3.12746786e-01  6.27504971e-01
   2.11809608e-01  2.27741830e-01 -1.22646517e+00 -6.04065775e-01
  -6.36783931e-01  7.57854590e-01  7.37369672e-02 -5.52771000e-01
  -2.27762812e-01 -4.77714417e-01  9.41898789e-01  4.66354613e-02
  -2.43502096e-01 -3.80750511e-04  2.99159063e-03 -1.70475778e-01
  -1.01154870e+00  9.37035928e-02 -7.77878748e-02  5.40866194e-01
   1.15722903e+00  1.08821218e+00  2.00726460e-01 -1.43599112e-02
  -4.87804856e-01  2.68207229e-01 -6.54069069e-01 -8.05460770e-02
  -2.70521095e-01 -1.60475173e-02  2.07173349e-01 -7.26239742e-02
   9.34020415e-02  8.10095883e-04 -1.17784286e-03  3.66576267e-02
  -1.84348995e+00 -2.16102232e-01  3.43649188e-01  3.91850585e-01
   6.21464306e-01  1.25166037e+00 -2.41958310e-01  3.79423266e-02
   7.11038941e-01 -3.93828570e-01 -6.40185160e-02 -2.00800085e-01
  -4.63181502e-01 -8.73233222e-01 -3.30183966e-01  4.55965055e-01
   2.48517289e-01  7.84991727e-04 -2.89251405e-03  1.87249657e-02
  -1.25409411e+00 -9.15666498e-01 -4.71015032e-02  1.82815201e-01
   4.49308298e-01  1.05786170e+00 -7.28012053e-01  3.03052587e-02
   8.03260236e-01  3.23036074e-01 -3.49534342e-01 -8.56729979e-01
  -9.03375286e-01 -9.84797460e-01 -6.16094688e-01  4.95220482e-01
   2.59563894e-01  1.45284029e-04  3.53088859e-03  4.95899069e-03
  -7.14450530e-01 -7.99568143e-01  1.04382612e-01  1.87715335e-01
   4.57772781e-01  2.87614876e-01 -7.61925798e-02  4.02702143e-01
   8.16506022e-01 -7.84135085e-02 -8.84127570e-01 -6.17204777e-01
  -5.61517917e-01 -8.72969322e-01 -8.59477839e-01  1.13916784e-01
   1.74739237e-01 -8.21457939e-06  1.96310679e-03  1.91597084e-02
  -4.26253226e-01 -2.75897712e-01  4.84538609e-02  2.03268685e-01
   5.44049883e-02  1.92511368e-01  7.11796211e-01  3.36711717e-01
   3.95848239e-01 -8.17418186e-01 -5.07699994e-01 -4.49159793e-01
  -1.60317347e-01 -6.34213837e-01 -3.55103838e-01  1.44812763e-01
   5.76279450e-01  4.33517410e-07  7.54183790e-04  1.32958800e-02
  -2.10192599e-01 -2.55420925e-01 -2.24199779e-01  3.29905420e-01
   7.05524595e-01 -7.21457546e-02 -2.62416850e-01 -2.85253796e-01
   1.63999547e-01 -8.11520373e-01 -8.15307383e-01 -9.01293019e-01
  -9.55624825e-01 -1.02703094e+00 -5.50797369e-01 -3.07873922e-01
   9.29520983e-02  5.89717707e-07  3.24045936e-04  2.33589374e-03
  -4.18616388e-02 -3.24369944e-01 -6.05350733e-01 -2.33242376e-01
   1.13056193e-01 -4.16859506e-01 -6.60341755e-01 -1.13089195e-01
  -1.33895657e-01 -2.82538254e-01  3.65206694e-01 -3.55279259e-02
  -1.09177860e-01 -7.90928536e-02 -3.41914694e-02 -2.84205704e-02
  -2.77074237e-02 -2.52338539e-08 -5.79502497e-06  2.70469425e-05
   5.05053569e-03 -5.99417376e-02 -2.94222367e-01 -3.29737901e-01
  -1.21999150e-01 -2.18216302e-02 -1.23876168e-02  2.38826146e-01
   1.11146232e-02 -5.36368602e-02 -6.39813997e-05  7.78764969e-03
   7.07756024e-03  9.64677447e-03  6.47892268e-03  4.81972258e-03
   1.24198322e-03  0.00000000e+00 -4.19527120e-07  3.90365196e-06
   9.12477944e-04 -1.35444002e-02 -2.97202010e-02 -5.08721277e-02
  -8.24731579e-03 -4.17383028e-03 -2.02977265e-04 -2.30749936e-02
  -6.49411595e-03 -1.25168017e-03 -1.03478525e-02 -2.11398840e-03
  -2.40144138e-03 -2.57997320e-03 -5.26603790e-04  6.61022060e-05
   0.00000000e+00]
 [-7.98784355e+00  0.00000000e+00  0.00000000e+00 -4.79225507e-06
   4.28171164e-05  8.39382188e-05  5.59695966e-04 -7.62841773e-03
  -5.69108995e-03  9.77515646e-04  7.26827260e-05  1.76971177e-05
   7.69400890e-07  2.78201232e-05  4.26118545e-04  1.66747979e-03
   1.14838469e-03 -2.84421397e-05 -2.92203152e-06 -9.72770254e-08
   0.00000000e+00 -7.12521433e-10 -5.49955831e-06  8.35001893e-05
  -1.91877036e-04 -5.16364887e-04  1.30829059e-02  4.79896188e-03
  -2.28621026e-02 -4.19309053e-02 -2.04233817e-02  7.12882818e-03
   1.91667155e-03 -1.97985371e-03  2.45483163e-03 -2.21298794e-03
   9.25230249e-03  1.77629521e-02  7.91426155e-03  4.95605078e-04
   3.48456983e-04 -1.95247279e-08 -1.14266611e-04  3.38373816e-04
   1.00730608e-02  1.50889173e-02 -8.73349373e-02 -2.17849945e-01
  -1.81676926e-01 -2.69178549e-02  4.64972599e-02 -4.47220969e-02
   2.14151594e-02 -5.07471906e-02 -2.88512783e-01 -5.67357747e-01
  -4.23260218e-01 -1.73334479e-01 -8.49576873e-02 -5.35904432e-04
  -4.19755972e-03  3.09287426e-07  1.60218971e-03 -4.79189052e-03
  -1.26773767e-01 -1.90143213e-01 -7.21534190e-01 -8.02977420e-01
   2.06417921e-01  1.01551858e+00  6.97921991e-01 -6.09909039e-01
  -4.63135134e-01  3.66574583e-02 -8.68593579e-02 -1.43662122e-02
  -7.21658364e-01 -7.05225334e-01 -4.56241146e-01 -4.57761276e-02
  -1.55258615e-02  3.58737779e-06  3.60354689e-03 -1.36592261e-02
  -3.03540759e-01 -7.55221228e-01 -1.10333832e+00 -4.95348710e-02
   7.40499634e-01  2.70773255e-01  7.64293279e-02 -1.16956828e+00
  -6.32588344e-01  6.67416176e-03 -7.15086568e-01  3.05685944e-01
   3.75718042e-01 -4.55503429e-01 -3.84232938e-01 -3.69825508e-01
   5.90109025e-03 -8.50663778e-05 -3.83338710e-03  5.83053317e-02
  -3.27374935e-01 -9.63301592e-01  3.40239122e-01  3.15964723e-01
   7.01801962e-01  1.60010111e-02 -4.49553450e-01 -1.96004824e-01
  -8.92146226e-01  1.66383654e-01 -3.75870953e-01 -6.09620910e-01
   8.86680428e-01 -5.53229358e-01 -2.49368381e-01 -5.48499307e-01
  -1.83489980e-02  3.64075928e-04 -1.67619300e-02  7.72553505e-02
  -2.84213866e-01 -6.18055687e-01 -5.98248949e-02  9.67180802e-01
   3.57348548e-01  4.60971807e-02  2.59823409e-02 -3.77937910e-01
  -1.11201031e+00  5.93112229e-01  8.47653627e-01  2.37352139e-02
  -8.51112118e-03 -6.38375284e-01  1.88407732e-01 -6.49324032e-01
  -1.03120925e-01  3.49996645e-03 -4.14269195e-02 -8.83002472e-03
  -1.50035305e-01 -2.07312229e-01 -2.03419382e-01  3.83975370e-01
   1.15371196e+00  8.15448325e-02 -5.28917345e-01 -1.94896111e-01
  -1.25144914e-01  1.50455591e+00  4.48417320e-01  2.66599721e-01
  -9.83589411e-01  3.77247173e-01 -1.36647332e-01 -1.00978450e+00
  -1.32015603e-01  2.17011341e-03 -1.72257793e-02 -3.33856993e-02
   2.21031200e-02  7.30079943e-03 -4.91780324e-01  5.37828620e-01
   2.82456299e-01  4.44418994e-01  1.15391278e+00  1.09718971e+00
   4.34630147e-01  2.28844893e-01  7.27851341e-01  1.59752845e-01
  -9.75141291e-01  1.15788824e+00 -3.72330028e-01 -8.87754058e-01
  -2.36606373e-01  3.51532607e-03 -4.64574526e-02 -1.85131812e-01
  -3.46119506e-01  1.13938424e+00 -2.25112795e-01 -1.59280111e-01
   8.51587851e-01  1.37754788e+00  1.15932629e-01  2.69674047e-01
   1.04692380e+00  4.42094318e-01  1.11048119e-01 -6.71201560e-01
   5.32497553e-01  1.16422902e+00  2.36487153e-01 -8.66508796e-01
  -3.28620924e-01  9.01532188e-03 -9.09605447e-02 -4.81490431e-01
   2.02329552e-01  8.11478166e-01 -5.27901976e-01 -3.95983327e-01
  -1.15509759e+00  1.18681727e-01  7.44909306e-01  1.59028349e-01
   2.30629073e-01  2.04176924e-01 -9.77520240e-01 -8.52838024e-01
   2.53215704e-01 -3.91199543e-01  7.26676215e-01 -7.38285980e-01
  -2.29073664e-01  9.31439815e-03 -1.16831304e-01 -5.00728670e-01
  -3.00119263e-03  2.53880230e-01  3.16863929e-02 -3.38930211e-01
  -3.60553534e-01 -2.86465461e-01  1.58063596e+00  4.71718318e-01
   7.35886720e-01  1.01748418e-01  4.25728440e-01 -6.88739919e-01
  -4.09004888e-01 -4.89163112e-02  1.08805879e+00 -6.67951654e-01
  -7.12529344e-02  1.15654060e-02 -1.39001949e-01 -8.63271036e-01
   1.34012379e-01  9.09064687e-01 -7.93507777e-01  2.61814941e-01
   1.68715258e-01 -5.98100029e-01 -1.07058402e+00  5.01195184e-01
  -9.43161184e-01 -1.67006175e-02 -6.84306896e-01 -4.46388988e-01
   7.24464943e-01 -1.56304043e-01  4.93093249e-01 -4.69911697e-01
  -3.47777603e-02  1.44374530e-02 -1.68957410e-01 -3.69150140e-01
   3.79466555e-01 -5.00682965e-01  8.36048684e-02 -2.95753604e-01
   9.65520448e-02  8.74175546e-01 -5.85010085e-01 -6.51872070e-01
  -6.81031705e-01 -7.94780385e-01 -3.74936817e-01 -2.16429464e-02
   1.32924411e-01  3.81786510e-01  6.36337645e-01 -2.27238218e-02
  -3.10113461e-02  6.22137159e-03 -5.01145696e-02 -6.74968364e-01
  -6.45623743e-02  8.69279745e-02 -1.37049523e-01  3.04619032e-01
   7.43873961e-01  8.49029617e-01  2.50841765e-02 -1.19257086e+00
   7.16984056e-01 -3.73592288e-01 -8.48171427e-01 -1.76277860e-01
  -6.49251610e-01 -1.87076258e-01  4.81066930e-01 -1.34391987e-01
  -4.92847235e-02  3.23685742e-04 -8.04924020e-04 -3.25801469e-01
   3.32978299e-01  1.85355867e-01 -4.11308874e-01 -1.89264687e-01
   6.94578589e-01  3.06390950e-03  7.17411057e-01 -9.03217436e-01
  -4.36959129e-01 -9.36360419e-02 -4.41107730e-02  5.33003507e-01
   7.60996522e-02  5.00957202e-01  3.13273018e-02 -2.52001542e-01
  -3.81825118e-02  3.88238221e-03 -3.68365243e-02 -1.66574654e-01
  -3.44691590e-01  7.88933242e-02  4.28509802e-01  1.25496576e+00
   1.23076136e+00  4.53171767e-01  2.53005870e-01 -2.18709926e-01
  -3.48063248e-01 -5.23495566e-01  2.41427127e-01  3.68221822e-01
   1.37971503e-01  6.13664265e-02 -2.43540054e-01 -1.16086660e-01
   8.91180481e-03  3.46770061e-03 -4.05853175e-02 -2.58649399e-02
  -1.88019032e-02 -2.11341559e-01 -4.17956089e-01  2.52334080e-01
  -4.59094683e-02  6.72996053e-01 -5.21514515e-01 -7.95727179e-02
   3.32880717e-01  2.07544688e-01 -1.18117920e-01 -2.02678546e-01
  -2.85153378e-01 -1.69407748e-01 -7.23168128e-03 -2.94234959e-02
   8.78506234e-03 -1.40064477e-04  1.66462079e-03 -7.59640248e-03
   1.11528375e-01 -2.41792110e-01 -7.28891944e-01 -8.28715603e-01
  -4.44822155e-01 -8.73406091e-02  4.22457972e-02 -1.75836146e-01
  -4.11855948e-01 -3.29083679e-01 -2.57355133e-01 -2.94629103e-01
  -6.11081907e-02  8.23031410e-03  2.35681962e-03  1.98947615e-03
  -6.39328892e-04  0.00000000e+00 -1.52085714e-05 -2.32364982e-03
   2.36089621e-02  7.74129952e-03  9.71955234e-02  1.30485213e-01
  -1.96329886e-04  1.88271620e-02  8.31771117e-03 -2.93607742e-02
  -8.19619678e-02 -8.97149293e-02 -6.40408036e-02 -2.33275633e-02
  -1.20749615e-02  7.77115045e-04 -8.94916966e-05  7.21374474e-06
   0.00000000e+00]
 [-4.57234977e+00  0.00000000e+00  0.00000000e+00 -5.50665687e-07
   1.57977673e-08  2.89406517e-04 -2.91070090e-03 -1.77138782e-03
   1.33858034e-04 -7.75163224e-03 -3.69918915e-03  3.02213555e-04
   7.13738767e-04  1.03311474e-03  2.65825201e-03  4.44427826e-03
   1.56441472e-03  3.06832211e-04  5.16031111e-05 -7.68386200e-06
   0.00000000e+00 -1.86401304e-08 -1.46299186e-06 -1.76280263e-07
   4.68201780e-04 -4.97145645e-03  1.79413118e-03 -4.81523438e-03
  -4.34685675e-02 -1.01520079e-01 -3.29043597e-02 -2.78662424e-05
  -1.66645554e-02 -1.16583406e-02 -1.45186054e-02 -3.97123005e-02
  -1.50931892e-02  4.75076207e-04  5.71402802e-03 -2.66517225e-03
  -2.82978355e-03  1.68157273e-07  5.53594619e-06  6.73132677e-05
  -4.56904625e-04 -1.51488673e-02 -6.02987411e-02 -5.22611329e-02
  -6.88308830e-01 -1.27731499e+00 -2.97557108e-01  3.06645175e-02
  -1.27085951e-01 -7.60765952e-02  6.94362351e-03  3.05745949e-02
  -1.05001665e-01 -7.90405957e-02 -1.68616100e-01  3.37738014e-02
   4.90378647e-02  5.82666699e-07  1.06354296e-04  4.02474911e-04
  -8.25770775e-03 -1.26879745e-01 -4.47590697e-01 -5.75379875e-01
  -7.40749956e-01 -4.04829762e-01 -7.37744345e-02  1.06947331e-01
   5.82471996e-01 -2.05165908e-02 -9.79979526e-01 -9.03087318e-01
  -4.40008782e-01 -1.86230927e-01 -6.15607802e-02  7.49084703e-02
   1.16322139e-02 -1.82068725e-07  1.89873485e-04  2.78202433e-03
  -2.58791923e-02 -4.12472292e-01 -8.21196618e-01 -7.10475464e-01
   4.14094475e-01  1.78924008e+00  4.23372995e-01 -5.23464775e-01
   1.09265206e-01  2.12414509e-01 -7.22001585e-01 -4.96020843e-01
  -7.32682518e-01 -8.66221785e-01 -1.74497425e-02  1.78207029e-01
  -1.67053833e-01 -3.58498122e-06  7.28335019e-04  1.06925332e-02
  -1.67917932e-01 -7.97495173e-01 -4.38251769e-01 -3.51972429e-01
  -1.89394345e-01  6.64552926e-01  9.22229822e-01  1.77135016e-01
  -6.36540078e-01 -3.87658001e-01 -4.51498329e-02  6.95022583e-02
  -5.84420530e-02 -2.68297097e-01 -1.57958162e-01 -7.39840079e-03
  -5.17359748e-02  2.52119260e-04  2.63001729e-03  8.95488189e-03
  -3.36254172e-01 -9.74421314e-01 -7.72354950e-01 -1.22538723e-01
  -2.45827630e-01  4.21504409e-01  7.48079150e-01 -2.57945611e-01
  -1.47222359e-01  4.93719478e-01  1.29529331e-02 -1.26660174e+00
  -3.51219795e-01  5.43046654e-02 -5.76985046e-01  5.71084868e-01
   1.93743676e-01 -3.07350719e-03 -1.74852042e-02  1.97079082e-03
  -6.06199392e-01 -3.01146786e-02  3.28700043e-01 -5.12903010e-01
   4.10728384e-01  9.88707127e-01  3.37638583e-01  7.47649226e-02
   4.82419698e-01  1.85514600e-01 -9.46937061e-03 -1.00929283e+00
  -1.53556424e-01 -1.06563215e+00 -3.33460160e-01  1.79610399e-01
  -3.64440461e-01 -8.21657776e-03 -7.31928989e-02 -1.62818825e-01
   2.95632577e-01  6.90054839e-01 -6.30187929e-02 -2.08426445e-01
   8.17326402e-02  4.02875508e-01  3.39718276e-01 -4.15337449e-01
   3.45204327e-02 -1.49828983e-01  4.49511910e-02 -9.95981695e-01
  -3.88466527e-01 -5.87551301e-01 -4.52289217e-01  4.47029066e-01
  -5.99334230e-01 -2.41381187e-03 -1.10632179e-01 -4.34823426e-01
  -5.08462399e-01  6.63534191e-01  6.37972719e-01  4.71345858e-01
  -6.70687102e-01 -3.87925011e-01  1.98138523e-01  4.68922617e-01
   1.36080860e-01  3.86846160e-03 -4.73505754e-01 -7.11729202e-01
  -2.45498106e-01 -5.90243286e-01 -6.44227558e-01  5.36326769e-01
  -8.99563674e-01  1.11727846e-03 -1.31538677e-01 -2.61737271e-01
  -9.90679740e-01  6.27952525e-01  1.82616043e+00  6.73203760e-01
   5.31259848e-01 -2.08956129e-01  3.95216970e-01  2.21834184e-01
  -1.19569955e+00  3.22910851e-01 -2.50920947e-02 -9.02209894e-01
  -2.90550043e-01 -4.53756530e-01 -1.24025887e+00  1.03159791e+00
   7.68883241e-02  5.02023674e-03 -1.32420607e-01 -4.24196404e-01
  -1.20762675e+00  5.23746331e-01  1.74650784e+00 -3.25919464e-01
  -4.27997392e-01  3.59276337e-01  3.51151675e-01  9.73901299e-01
   9.59533685e-01 -4.32070297e-01 -5.07668506e-02 -7.04371575e-01
  -3.74706589e-01 -9.42680473e-01  2.27939654e-02  7.46541662e-02
  -1.06860870e-01  1.49137776e-02 -1.36150184e-01 -7.23788446e-01
  -1.71393137e+00  7.52861930e-01  6.58526884e-01 -5.31495326e-02
  -4.30844190e-01  1.07519219e+00 -6.96289060e-02  6.17048548e-01
  -2.79400604e-02 -5.17672977e-02  6.95946441e-01 -1.10981907e+00
  -6.79143059e-01 -6.36596099e-01  1.66621157e-01  1.19018935e+00
  -1.92815422e-01  1.05202120e-02 -9.35408998e-02 -5.91274973e-01
  -1.44340231e+00  4.18383257e-01 -2.77979210e-01 -3.84459288e-01
   4.06031469e-01  4.28995614e-02  7.69081638e-01 -2.10670172e-01
  -7.34065257e-01  2.62537841e-01 -6.82773780e-01  2.91685559e-03
  -1.02898444e-01 -1.03421440e+00 -3.73808596e-02  1.21700233e+00
   4.06410516e-01  1.94005031e-03 -2.39909658e-02 -4.20245327e-01
  -1.03177935e+00 -1.16288673e-01  4.45369938e-01 -2.67213807e-01
  -1.48165392e-01  1.20397706e+00  3.66551460e-01  3.67287482e-01
  -7.66173928e-01 -2.02726754e-01  4.56996443e-01  2.25951447e-01
  -4.61896214e-01 -4.28547822e-01  4.82781281e-01  9.32269259e-01
   2.11403422e-01 -1.09406016e-03  3.12552875e-03 -7.04524139e-02
  -8.77724173e-01 -1.40225786e+00  3.11770401e-01 -7.15418715e-01
   8.18867843e-02  7.41410382e-01  4.64523994e-01  4.08249963e-01
  -5.09772139e-01 -8.89157058e-01 -3.40882390e-01 -4.79243212e-01
  -7.33005719e-01 -3.11574963e-01  1.02692577e+00  1.22359893e+00
   4.50557194e-02 -2.15182960e-04  2.83870421e-03  9.70275967e-04
  -3.95158052e-01 -1.23861631e+00 -8.50088546e-01 -1.18746868e+00
  -3.85778305e-01  2.70211510e-01 -3.60902093e-01 -5.35516900e-01
  -8.68224528e-01 -1.03575443e+00 -3.90673154e-01  2.91198194e-01
   4.82851887e-01  1.81800068e-01  1.00363307e+00  6.57764595e-01
   7.69990966e-02  2.73816436e-05  1.14575860e-03  2.50918932e-03
  -1.24192410e-01 -4.47951430e-01 -9.86326823e-01 -1.02532771e+00
  -6.70690079e-01 -4.80203077e-02 -6.44686586e-01 -9.59192487e-01
  -9.91736852e-01 -8.78075488e-01 -2.59284729e-01  6.26657288e-01
   4.66393908e-01  1.33712503e-02  7.81153197e-02  1.23015219e-01
  -9.88561891e-04 -4.29901032e-08 -3.32328023e-05  6.86886737e-04
   6.22002055e-03 -1.04330096e-01 -6.34836911e-01 -5.15699090e-01
  -2.40140738e-01 -2.59362099e-01 -1.07722278e-01  6.43872261e-02
  -1.09139416e-01 -2.04471301e-01 -5.51647749e-02 -2.53340523e-02
  -1.06782646e-01 -6.23362216e-02 -9.63377977e-03 -8.76222782e-03
  -1.22543681e-03  0.00000000e+00 -7.63044942e-07 -1.36133880e-05
   1.03844403e-03 -1.11832495e-02 -5.62667844e-02 -1.56805538e-02
   1.81490145e-02  4.30882685e-03  2.54938081e-03  5.43249398e-03
  -5.95695647e-02 -1.06904834e-01 -2.51602723e-02  2.39419339e-03
   5.90680112e-03  8.38545212e-04 -1.33790200e-03  1.00158331e-04
   0.00000000e+00]
 [-5.40550556e+00  0.00000000e+00  0.00000000e+00 -2.13887601e-09
  -6.71521545e-06  7.50588861e-05  7.10455707e-04  2.26062642e-04
   6.07891183e-05 -1.41312763e-04 -1.06419016e-03 -2.22794000e-04
   2.69426782e-04  4.62628418e-04  2.71964516e-03  2.36719318e-03
   1.32848869e-05  8.55443706e-06  3.21416405e-07 -2.06165810e-07
   0.00000000e+00 -1.55386517e-09 -8.75250756e-06 -1.47327159e-05
   1.09847559e-03  1.99589796e-03 -5.52031973e-03  2.30519555e-03
   4.91814384e-03  2.87888111e-03  1.20715047e-02  8.35626808e-03
   5.87584738e-03  2.10765326e-03 -2.00857895e-02 -2.39664119e-02
  -2.68812693e-03  3.55538711e-03  2.89430082e-03 -1.24464787e-04
   8.22173924e-07  1.40972768e-08  5.47536987e-05 -4.68977372e-05
  -4.89005583e-03 -1.90653257e-02 -3.47956658e-02 -4.91007410e-02
  -7.92789711e-02 -1.24394586e-01 -1.53564103e-01 -2.24476208e-01
  -2.70542142e-01 -2.15880864e-01 -3.43006995e-01 -2.31500054e-01
   2.18135726e-02 -1.45747760e-02 -4.39753640e-02  5.71131665e-03
   1.22939465e-03  4.69139988e-08  4.72861921e-04  2.04164591e-03
  -6.47134015e-02 -1.69778698e-01 -1.78633008e-01 -2.67169564e-01
  -2.30245719e-01 -1.43493317e-01  6.88159319e-02  2.76705994e-01
   4.30802431e-02 -3.76443830e-03 -2.02045082e-01 -1.71203068e-01
   2.57209078e-01  1.31453901e-01  2.55554539e-02 -3.34290070e-02
  -1.02419190e-02 -1.22720798e-05  6.68713645e-04  5.86948175e-03
  -1.07947377e-01 -2.91198322e-01 -1.66072116e-01 -2.10699438e-01
  -1.80303147e-01  3.41804691e-01  6.24941809e-01  9.45007561e-01
   4.65659547e-01  5.53713569e-01  4.22391586e-01 -1.61461852e-01
   4.18920339e-01  5.72809126e-01  7.12936572e-02 -1.09700839e-01
  -3.25256876e-02 -6.70562340e-05  2.05391111e-03 -1.09371426e-02
  -1.67960065e-01 -3.74265722e-01 -3.10437767e-01 -6.87409551e-01
  -2.90537512e-01  2.54866885e-01  1.22830509e-01  5.95929312e-01
   1.06613907e+00  4.15897630e-01  9.51798882e-01  1.61542315e-01
  -2.05955696e-01 -6.81092438e-01 -3.24812962e-01 -1.77034060e-01
  -3.06130705e-02  2.15044080e-03 -1.69770081e-02 -1.89460971e-01
  -4.26976259e-01 -5.78307396e-01 -3.25414270e-01 -6.01625723e-01
   1.36142416e-01 -8.99507014e-02 -2.23439741e-03  1.03687269e-01
   5.70135518e-01  2.41713335e-01  1.97086347e-01  1.28246994e-01
   6.35258872e-02  7.72415906e-02 -4.83425597e-01 -3.56577903e-01
  -2.49445455e-02  2.79676359e-03 -2.32626335e-02 -4.63499863e-01
  -5.37864795e-01 -7.46417086e-02  2.75956519e-01 -1.26672716e-01
  -6.04345891e-02  6.12619615e-02  5.20640125e-01  8.54982671e-01
   1.40273815e-01  7.30986780e-01  1.02208962e-01  1.13457735e+00
   5.93586077e-01  1.01052528e+00 -1.16961970e-01 -7.78197730e-01
  -1.09329629e-01  1.02238402e-03 -1.39433384e-02 -6.77771211e-01
  -2.69909091e-01 -1.10354318e-01 -1.43629176e-01 -3.58662266e-01
  -7.51960828e-02  2.08991875e-01 -1.54375781e-01  5.36798557e-01
   3.02974598e-01  5.43047607e-01  4.57188823e-01  9.51948289e-01
   2.97287451e-01  1.01074419e+00  5.78035396e-02 -6.21546043e-01
  -1.59482293e-01  3.05106692e-04 -5.62197931e-02 -3.48131081e-01
   3.49428538e-01  1.25549513e-01  3.48096210e-01  3.78924087e-01
   2.12709470e-01 -3.97441385e-01 -6.99620520e-01  1.42207168e-03
  -1.38284603e+00 -1.57972365e+00 -9.00057051e-01 -3.50179975e-02
  -3.92581595e-01  1.08755406e+00 -6.66903838e-02 -3.81428987e-01
  -1.36994501e-01 -3.67336058e-03 -6.42082284e-02  4.46913946e-03
   4.53873146e-01 -1.05328364e-01  2.69616719e-01  5.15760890e-01
  -8.30010744e-02 -6.78613864e-01 -1.36095042e+00 -2.03456212e+00
  -2.35772780e+00 -1.15006160e+00 -7.73412274e-01 -1.11623463e+00
   2.31495105e-01  4.93104896e-01 -1.90207473e-01 -5.99302177e-01
  -5.42362997e-02 -7.89732303e-03 -1.97094727e-01 -4.61043274e-01
   2.34328595e-01  4.73382752e-01  3.30754755e-01 -1.28701743e-01
  -3.61077789e-01 -8.49091739e-01 -1.57367678e+00 -1.50402180e+00
  -5.88822284e-01 -6.69064647e-01 -2.79669172e-01 -4.81134155e-01
   1.37859287e-01 -3.52627230e-01 -1.96478545e-01 -3.77436197e-01
   1.36754292e-02  2.60545548e-02 -3.70932856e-01 -2.86241333e-01
   9.99684611e-03  1.46228926e-01  7.52735922e-01  9.11198564e-02
   6.26060247e-01  2.26480303e-01 -2.34973063e-01 -4.50280278e-02
  -4.68586675e-01 -1.41033246e-01 -1.90100763e-01 -3.63518392e-01
  -1.01558150e+00 -2.61273283e-01 -5.72223141e-02 -1.34871308e-01
  -3.01810216e-03  1.60538446e-02 -1.82071166e-01 -1.30832497e-01
   9.27409797e-03 -3.28480571e-02  5.74812513e-01  7.09979844e-01
   1.05503497e+00  6.05126326e-01 -4.00149945e-01 -3.33509526e-01
  -8.64960217e-02  1.15567858e-01 -1.04583004e-01 -6.04474258e-01
  -7.92159396e-01  1.31392674e-01 -1.42305490e-01 -1.41288969e-01
   5.68983253e-03  3.44379056e-05 -3.38262429e-02 -1.72927939e-01
   6.41001746e-03  5.96844353e-01  1.64752484e-01 -6.75657584e-01
   2.28043968e-01  5.58574359e-01 -2.35268685e-01 -1.98404275e-01
   1.65237490e-01 -1.97302571e-01  3.85828136e-02 -6.94782695e-01
  -2.44087826e-01  3.08114004e-02 -4.73331735e-01 -1.84560352e-01
  -6.35271484e-03  4.83383480e-04 -8.19779087e-03 -3.46458983e-01
  -2.49034788e-01  4.07823075e-01 -2.32455662e-01  1.24038097e-01
   8.02761136e-01  5.41591807e-01 -7.72344801e-02  4.13052679e-02
  -1.17599641e-01  4.02458232e-01  4.12832802e-01 -3.35342962e-01
   5.35928647e-02 -1.82634809e-01 -2.80022102e-01 -1.84450570e-01
  -7.95379695e-02  1.85070389e-04 -3.04347461e-04 -8.39452252e-02
  -5.26068861e-02 -9.75631787e-02 -1.92272727e-01  7.86561974e-02
   7.07865278e-01  5.52284374e-01  5.41631582e-01  8.41881591e-01
   4.42693671e-01  1.02720397e-01 -6.67736044e-01 -6.62996762e-01
  -4.57972864e-01 -2.66861228e-01 -5.97895441e-02 -1.03517642e-01
  -4.80267696e-02 -2.18392003e-05 -4.30246245e-03  3.83878132e-02
   1.73800805e-01 -3.66998425e-01 -4.22998185e-01 -1.57927627e-02
   9.22719891e-02  9.68172256e-02  3.87138123e-01  4.68461591e-01
   3.19293306e-01 -3.10464845e-01 -5.28781827e-01 -4.76654092e-01
  -3.10164920e-01 -1.56179799e-01 -3.75058266e-03 -9.70319215e-03
  -2.31051589e-04 -2.95967388e-08  1.81766921e-04  1.93889987e-03
  -1.52308256e-02 -3.11376520e-01 -3.64102761e-01 -1.89033413e-01
  -7.91779414e-02 -3.35353194e-02 -7.65711297e-02 -7.68404372e-02
  -1.70165654e-01 -2.29412287e-01 -6.28780897e-02  1.24012319e-02
   1.46902252e-02  6.54585887e-03  5.70359843e-04  1.44933650e-03
   4.91376831e-04  0.00000000e+00 -9.23816492e-06 -4.21653773e-05
   5.36592612e-03 -6.96484622e-02 -5.04244116e-03 -2.13826716e-02
   1.39469414e-03  3.96277617e-03  6.30232146e-03  4.68496593e-03
   1.29021600e-02  2.01864628e-02  7.06798093e-03  9.62965555e-04
   1.48542015e-03  1.15888582e-04 -1.16517940e-04  7.86067006e-06
   0.00000000e+00]]